{
    "units_first_layer": 352,
    "units_second_layer": 512,
    "dropout_1": 0.30000000000000004,
    "dropout_2": 0.30000000000000004,
    "learning_rate": 0.001,
    "best_val_loss": 0.011996992863714695
}